연도,자치구,세대,인구,남자,여자,한국인,한국인남자,한국인여자,외국인,외국인남자,외국인여자,인구밀도,면적,세대당인구,고령자
1992,합계,3383169,10969862,5519096,5450766,10935230,5500001,5435229,34632,19095,15537,18121,605.36,3.24,434348
1992,종로구,75752,227988,114648,113340,226240,113677,112563,1748,971,777,9496,24.01,3.01,12096
1992,중구,59667,176836,89537,87299,174605,88268,86337,2231,1269,962,17701,9.99,2.96,8857
1992,용산구,96832,287124,144600,142524,280671,140424,140247,6453,4176,2277,13135,21.86,2.97,13957
1992,성동구,244888,780526,397121,383405,778385,395977,382408,2141,1144,997,22991,33.95,3.19,28493
1992,동대문구,149094,470594,238385,232209,469843,237979,231864,751,406,345,31862,14.77,3.16,19142
1992,중랑구,136876,458391,230937,227454,458109,230799,227310,282,138,144,25284,18.13,3.35,15849
1992,성북구,163995,527296,266530,260766,525943,265830,260113,1353,700,653,21699,24.3,3.22,23020
1992,도봉구,229923,766799,385385,381414,765975,385011,380964,824,374,450,17212,44.55,3.34,29689
1992,노원구,174005,571833,284049,287784,571171,283705,287466,662,344,318,16049,35.63,3.29,24345
1992,은평구,153700,507551,251514,256037,506694,251084,255610,857,430,427,17107,29.67,3.3,20672
1992,서대문구,122844,390140,195000,195140,387201,193554,193647,2939,1446,1493,22054,17.69,3.18,17175
1992,마포구,139628,432453,216103,216350,430650,215127,215523,1803,976,827,18125,23.86,3.1,19178
1992,양천구,150749,508096,255938,252158,507141,255440,251701,955,498,457,28918,17.57,3.37,18625
1992,강서구,132114,437932,219591,218341,437330,219251,218079,602,340,262,10573,41.42,3.31,16907
1992,구로구,229614,738914,378569,360345,738140,378127,360013,774,442,332,22528,32.8,3.22,23553
1992,영등포구,141916,453256,229476,223780,452091,228869,223222,1165,607,558,18546,24.44,3.19,16577
1992,동작구,134670,427486,215826,211660,426725,215421,211304,761,405,356,26114,16.37,3.17,17142
1992,관악구,181386,589655,299359,290296,589171,299093,290078,484,266,218,19887,29.65,3.25,20460
1992,서초구,126592,419765,208470,211295,417177,207084,210093,2588,1386,1202,8865,47.35,3.32,17488
1992,강남구,165325,559068,278053,281015,556120,276432,279688,2948,1621,1327,14280,39.15,3.38,23984
1992,송파구,208638,689419,343176,346243,687788,342352,345436,1631,824,807,20409,33.78,3.3,26144
1992,강동구,164961,548740,276829,271911,548060,276497,271563,680,332,348,22453,24.44,3.33,20995
1993,합계,3430528,10925464,5496638,5428826,10889499,5477845,5411654,35965,18793,17172,18047,605.4,3.18,444277
1993,종로구,74952,222423,111786,110637,221049,111055,109994,1374,731,643,9264,24.01,2.97,12441
1993,중구,57566,167383,84721,82662,165129,83428,81701,2254,1293,961,16755,9.99,2.91,8909
1993,용산구,94248,276439,138562,137877,271379,135727,135652,5060,2835,2225,12646,21.86,2.93,14392
1993,성동구,245399,767976,390698,377278,765944,389602,376342,2032,1096,936,22627,33.94,3.13,28993
1993,동대문구,148308,459000,232465,226535,458149,232036,226113,851,429,422,31076,14.77,3.09,19346
1993,중랑구,140153,460157,232055,228102,459818,231890,227928,339,165,174,25381,18.13,3.28,16205
1993,성북구,163286,514240,260126,254114,512787,259388,253399,1453,738,715,21162,24.29,3.15,23506
1993,도봉구,238014,780472,392106,388366,779610,391700,387910,862,406,456,17519,44.55,3.28,30874
1993,노원구,180152,588188,292198,295990,587399,291794,295605,789,404,385,16522,35.6,3.26,25492
1993,은평구,157781,512196,253810,258386,511461,253436,258025,735,374,361,17257,29.68,3.25,21266
1993,서대문구,123155,381905,190864,191041,378574,189130,189444,3331,1734,1597,21589,17.69,3.1,17428
1993,마포구,138755,422406,211254,211152,420573,210284,210289,1833,970,863,17704,23.86,3.04,19474
1993,양천구,150976,499848,252251,247597,498727,251684,247043,1121,567,554,28449,17.57,3.31,18572
1993,강서구,144770,474434,237793,236641,473643,237427,236216,791,366,425,11454,41.42,3.28,18774
1993,구로구,229870,724230,371238,352992,722928,370702,352226,1302,536,766,22080,32.8,3.15,23671
1993,영등포구,143124,445221,225568,219653,443919,224892,219027,1302,676,626,18217,24.44,3.11,16722
1993,동작구,141571,440361,222150,218211,439453,221649,217804,908,501,407,26900,16.37,3.11,18126
1993,관악구,186324,590442,299756,290686,589811,299462,290349,631,294,337,19914,29.65,3.17,20861
1993,서초구,127335,410719,203981,206738,407993,202552,205441,2726,1429,1297,8680,47.32,3.23,17383
1993,강남구,170433,566379,281304,285075,562792,279362,283430,3587,1942,1645,14426,39.26,3.32,24757
1993,송파구,210844,685260,341403,343857,683439,340497,342942,1821,906,915,20310,33.74,3.25,26266
1993,강동구,163512,535785,270549,265236,534922,270148,264774,863,401,462,21905,24.46,3.28,20819
1994,합계,3455665,10798700,5429554,5369146,10759454,5408827,5350628,39246,20727,18519,17836,605.43,3.12,453369
1994,종로구,73798,214930,107877,107053,213187,106942,106245,1743,935,808,8989,23.92,2.91,12712
1994,중구,55032,156302,79110,77192,153901,77690,76211,2401,1420,981,15677,9.97,2.84,8913
1994,용산구,94534,268689,134290,134399,264188,131830,132358,4501,2460,2041,12286,21.87,2.84,14860
1994,성동구,244808,753072,382753,370319,750814,381520,369294,2258,1233,1025,22221,33.89,3.08,29570
1994,동대문구,146186,443027,224533,218494,442068,224075,217993,959,458,501,31199,14.2,3.03,19615
1994,중랑구,141855,457749,230709,227040,457347,230522,226825,402,187,215,24716,18.52,3.23,16539
1994,성북구,162700,503536,254520,249016,501967,253727,248240,1569,793,776,20511,24.55,3.09,23926
1994,도봉구,240545,775394,389155,386239,774414,388690,385724,980,465,515,17432,44.48,3.22,31989
1994,노원구,182015,589582,292659,296923,588757,292232,296525,825,427,398,16613,35.49,3.24,25895
1994,은평구,161212,511788,253362,258426,510944,252938,258006,844,424,420,17261,29.65,3.17,21674
1994,서대문구,123325,374662,187350,187312,371090,185433,185657,3572,1917,1655,21288,17.6,3.04,17825
1994,마포구,138685,412484,206014,206470,410571,204998,205573,1913,1016,897,17280,23.87,2.97,19781
1994,양천구,151076,492449,248530,243919,491279,247922,243357,1170,608,562,28302,17.4,3.26,18702
1994,강서구,157418,508345,254121,254224,507409,253636,253773,936,485,451,12276,41.41,3.23,20872
1994,구로구,225738,698274,358478,339796,696060,357409,338651,2214,1069,1145,21211,32.92,3.09,23588
1994,영등포구,142594,433512,219952,213560,432060,219124,212936,1452,828,624,17651,24.56,3.04,16985
1994,동작구,144123,440651,222206,218445,439699,221713,217986,952,493,459,26951,16.35,3.06,18867
1994,관악구,186689,578658,293796,284862,577977,293459,284519,681,337,344,19569,29.57,3.1,21075
1994,서초구,131546,412315,204524,207791,409161,202848,206313,3154,1676,1478,8735,47.2,3.13,17742
1994,강남구,177641,572311,283965,288346,568498,281909,286589,3813,2056,1757,14471,39.55,3.22,25087
1994,송파구,212950,680067,338608,341459,678019,337556,340463,2048,1052,996,20067,33.89,3.19,26471
1994,강동구,161195,520903,263042,257861,520044,262654,257390,859,388,471,21192,24.58,3.23,20681
1995,합계,3448124,10595943,5326022,5269921,10550871,5302277,5248594,45072,23745,21327,17491,605.78,3.07,458918
1995,종로구,72488,204733,102852,101881,203086,101960,101126,1647,892,755,8559,23.92,2.82,12624
1995,중구,53096,145646,73608,72038,143138,72132,71006,2508,1476,1032,14608,9.97,2.74,8847
1995,용산구,93163,260993,130403,130590,254579,126809,127770,6414,3594,2820,11934,21.87,2.8,15125
1995,성동구,113262,342648,174128,168520,341582,173541,168041,1066,587,479,20347,16.84,3.03,15036
1995,광진구,129613,391148,198273,192875,389920,197652,192268,1228,621,607,22941,17.05,3.02,14859
1995,동대문구,141352,420069,212978,207091,418985,212458,206527,1084,520,564,29582,14.02,2.97,19398
1995,중랑구,142869,454951,229048,225903,454534,228850,225684,417,198,219,24565,18.52,3.18,17130
1995,성북구,163304,497614,251559,246055,495737,250603,245134,1877,956,921,20269,24.55,3.05,24537
1995,강북구,124571,395078,197924,197154,394548,197679,196869,530,245,285,16734,23.61,3.17,16992
1995,도봉구,117150,374271,188030,186241,373630,187722,185908,641,308,333,17942,20.86,3.19,15637
1995,노원구,185912,599462,297320,302142,598529,296838,301691,933,482,451,16891,35.49,3.22,26969
1995,은평구,161512,503272,249383,253889,502310,248884,253426,962,499,463,16939,29.71,3.12,22036
1995,서대문구,125996,371449,185556,185893,367318,183348,183970,4131,2208,1923,21105,17.6,2.95,18413
1995,마포구,136891,400409,199823,200586,398228,198665,199563,2181,1158,1023,16775,23.87,2.93,19973
1995,양천구,150868,487130,245734,241396,485777,245022,240755,1353,712,641,27996,17.4,3.23,19038
1995,강서구,165058,523606,261503,262103,522409,260888,261521,1197,615,582,12644,41.41,3.17,22066
1995,구로구,124797,383224,196935,186289,382207,196439,185768,1017,496,521,19019,20.15,3.07,13884
1995,금천구,94341,284609,146001,138608,283089,145344,137745,1520,657,863,21759,13.08,3.02,9616
1995,영등포구,140305,417914,211982,205932,416050,210924,205126,1864,1058,806,17016,24.56,2.98,17176
1995,동작구,145265,436684,220287,216397,435601,219727,215874,1083,560,523,26709,16.35,3.01,19276
1995,관악구,183849,558462,283658,274804,557653,283279,274374,809,379,430,18886,29.57,3.04,20959
1995,서초구,131800,407887,202273,205614,404918,200714,204204,2969,1559,1410,8644,47.19,3.09,17947
1995,강남구,179387,559032,277480,281552,554573,275106,279467,4459,2374,2085,14135,39.55,3.12,24483
1995,송파구,212400,669042,333328,335714,666806,332168,334638,2236,1160,1076,19742,33.89,3.15,26466
1995,강동구,158875,506610,255956,250654,505664,255525,250139,946,431,515,20611,24.58,3.19,20431
1996,합계,3456575,10469852,5258247,5211605,10418076,5231039,5187037,51776,27208,24568,17289,605.58,3.03,467766
1996,종로구,72027,199475,100075,99400,197563,99067,98496,1912,1008,904,8339,23.92,2.77,12876
1996,중구,50141,134839,68090,66749,132189,66538,65651,2650,1552,1098,13524,9.97,2.69,8610
1996,용산구,92705,255024,127321,127703,247694,123294,124400,7330,4027,3303,11661,21.87,2.75,15400
1996,성동구,110970,331206,168073,163133,329914,167374,162540,1292,699,593,19668,16.84,2.98,15102
1996,광진구,132324,392217,198786,193431,390739,198026,192713,1478,760,718,23004,17.05,2.96,15327
1996,동대문구,136771,399280,202162,197118,398060,201576,196484,1220,586,634,28079,14.22,2.92,19389
1996,중랑구,152349,478390,240512,237878,477850,240260,237590,540,252,288,25817,18.53,3.14,18694
1996,성북구,162195,487404,245926,241478,485240,244847,240393,2164,1079,1085,19854,24.55,3.01,24843
1996,강북구,121348,379695,189901,189794,379062,189612,189450,633,289,344,16102,23.58,3.13,17066
1996,도봉구,119881,382424,191956,190468,381465,191531,189934,959,425,534,18350,20.84,3.19,16304
1996,노원구,182025,586997,290909,296088,585907,290354,295553,1090,555,535,16554,35.46,3.22,27357
1996,은평구,162474,498532,247166,251366,497417,246605,250812,1115,561,554,16780,29.71,3.07,22668
1996,서대문구,127125,366134,182525,183609,361529,180104,181425,4605,2421,2184,20803,17.6,2.88,18804
1996,마포구,137591,393040,195689,197351,390831,194525,196306,2209,1164,1045,16466,23.87,2.86,20338
1996,양천구,151955,486839,245520,241319,485497,244806,240691,1342,714,628,27963,17.41,3.2,19569
1996,강서구,167739,524006,261657,262349,522640,260946,261694,1366,711,655,12657,41.4,3.12,22690
1996,구로구,124734,378676,194452,184224,377391,193816,183575,1285,636,649,18821,20.12,3.04,14318
1996,금천구,92406,273867,140227,133640,271718,139214,132504,2149,1013,1136,21067,13,2.96,9674
1996,영등포구,138663,408087,206994,201093,405326,205383,199943,2761,1611,1150,16616,24.56,2.94,17634
1996,동작구,145735,434873,219096,215777,433608,218457,215151,1265,639,626,26598,16.35,2.98,19843
1996,관악구,181947,543314,275959,267355,542325,275499,266826,989,460,529,18374,29.57,2.99,21093
1996,서초구,135209,408781,202861,205920,405743,201220,204523,3038,1641,1397,8672,47.14,3.02,18113
1996,강남구,184039,557533,276434,281099,552768,273817,278951,4765,2617,2148,14097,39.55,3.03,24518
1996,송파구,216205,671560,334513,337047,668987,333209,335778,2573,1304,1269,19816,33.89,3.11,27007
1996,강동구,158017,497659,251443,246216,496613,250959,245654,1046,484,562,20247,24.58,3.15,20529
1997,합계,3498506,10389057,5214266,5174791,10336134,5186530,5149604,52923,27736,25187,17157,605.52,2.97,485347
1997,종로구,72919,196611,98650,97961,194696,97646,97050,1915,1004,911,8220,23.92,2.7,13285
1997,중구,49516,129680,65501,64179,126892,63926,62966,2788,1575,1213,13007,9.97,2.62,8870
1997,용산구,91201,245683,122648,123035,238304,118601,119703,7379,4047,3332,11234,21.87,2.69,15767
1997,성동구,111887,326026,165350,160676,324615,164551,160064,1411,799,612,19360,16.84,2.91,15756
1997,광진구,136909,397824,200858,196966,396580,200256,196324,1244,602,642,23333,17.05,2.91,16030
1997,동대문구,136360,389281,197181,192100,388172,196642,191530,1109,539,570,27376,14.22,2.85,20156
1997,중랑구,154699,475662,239097,236565,475089,238830,236259,573,267,306,25698,18.51,3.07,19512
1997,성북구,162586,478812,241471,237341,476502,240325,236177,2310,1146,1164,19504,24.55,2.94,25661
1997,강북구,119941,368412,183966,184446,367787,183687,184100,625,279,346,15624,23.58,3.07,17493
1997,도봉구,123055,388620,194957,193663,387808,194627,193181,812,330,482,18657,20.83,3.16,17372
1997,노원구,183891,587428,290756,296672,586284,290171,296113,1144,585,559,16566,35.46,3.19,28688
1997,은평구,163671,491677,243817,247860,490500,243235,247265,1177,582,595,16555,29.7,3,23607
1997,서대문구,125092,358995,178743,180252,354084,176171,177913,4911,2572,2339,20397,17.6,2.87,19609
1997,마포구,140517,391116,194495,196621,388736,193239,195497,2380,1256,1124,16385,23.87,2.78,21263
1997,양천구,153792,485914,245073,240841,484538,244360,240178,1376,713,663,27926,17.4,3.16,20381
1997,강서구,169412,519554,259169,260385,518067,258356,259711,1487,813,674,12550,41.4,3.07,23383
1997,구로구,126507,377660,193475,184185,376436,192877,183559,1224,598,626,18780,20.11,2.99,14943
1997,금천구,93448,272740,139616,133124,270764,138710,132054,1976,906,1070,20964,13.01,2.92,10082
1997,영등포구,142076,406841,206366,200475,404017,204710,199307,2824,1656,1168,16558,24.57,2.86,18460
1997,동작구,147954,432300,218004,214296,430950,217308,213642,1350,696,654,26440,16.35,2.92,20731
1997,관악구,182821,534620,271830,262790,533577,271337,262240,1043,493,550,18086,29.56,2.92,21748
1997,서초구,137679,407122,201900,205222,403506,199983,203523,3616,1917,1699,8638,47.13,2.96,18397
1997,강남구,190255,555355,274650,280705,550803,272129,278674,4552,2521,2031,14042,39.55,2.92,25012
1997,송파구,222544,677214,337369,339845,674577,336001,338576,2637,1368,1269,19983,33.89,3.04,28128
1997,강동구,159774,493910,249324,244586,492850,248852,243998,1060,472,588,20094,24.58,3.09,21013
1998,합계,3458511,10321496,5173556,5147940,10270506,5146825,5123681,50990,26731,24259,17046,605.52,2.98,505438
1998,종로구,69668,190619,95645,94974,188732,94646,94086,1887,999,888,7972,23.91,2.74,13464
1998,중구,46072,125050,63028,62022,122500,61557,60943,2550,1471,1079,12543,9.97,2.71,9101
1998,용산구,88418,246613,122746,123867,239282,118709,120573,7331,4037,3294,11276,21.87,2.79,16584
1998,성동구,110157,323230,163630,159600,321945,162866,159079,1285,764,521,19194,16.84,2.93,16448
1998,광진구,136557,397325,200123,197202,395921,199432,196489,1404,691,713,23304,17.05,2.91,16738
1998,동대문구,132854,378953,192035,186918,377724,191437,186287,1229,598,631,26668,14.21,2.85,20882
1998,중랑구,152846,467538,234830,232708,467001,234583,232418,537,247,290,25259,18.51,3.06,20344
1998,성북구,162931,481101,242069,239032,478830,240933,237897,2271,1136,1135,19597,24.55,2.95,27185
1998,강북구,117701,361424,180463,180961,360814,180184,180630,610,279,331,15308,23.61,3.07,18185
1998,도봉구,119744,381602,191276,190326,380844,190969,189875,758,307,451,18329,20.82,3.19,18005
1998,노원구,186639,595891,295026,300865,594851,294485,300366,1040,541,499,16809,35.45,3.19,30227
1998,은평구,159865,480974,238713,242261,479841,238157,241684,1133,556,577,16184,29.72,3.01,24667
1998,서대문구,126787,366726,182269,184457,361733,179690,182043,4993,2579,2414,20837,17.6,2.89,20905
1998,마포구,137955,386880,192069,194811,384550,190861,193689,2330,1208,1122,16208,23.87,2.8,22080
1998,양천구,152339,484907,244244,240663,483674,243631,240043,1233,613,620,27852,17.41,3.18,21131
1998,강서구,168867,517881,257979,259902,516590,257304,259286,1291,675,616,12512,41.39,3.07,24492
1998,구로구,127187,381794,195131,186663,380623,194526,186097,1171,605,566,18985,20.11,3,15797
1998,금천구,91842,273712,140008,133704,272276,139298,132978,1436,710,726,21055,13,2.98,10779
1998,영등포구,139414,406019,205372,200647,403380,203862,199518,2639,1510,1129,16532,24.56,2.91,19464
1998,동작구,145440,425942,214410,211532,424636,213756,210880,1306,654,652,26051,16.35,2.93,21716
1998,관악구,181105,526742,267808,258934,525729,267308,258421,1013,500,513,17819,29.56,2.91,22637
1998,서초구,137470,404765,200242,204523,401179,198363,202816,3586,1879,1707,8586,47.14,2.94,18884
1998,강남구,188690,554858,273673,281185,550387,271238,279149,4471,2435,2036,14029,39.55,2.94,25429
1998,송파구,220138,671406,334022,337384,668879,332700,336179,2527,1322,1205,19811,33.89,3.05,28905
1998,강동구,157825,489544,246745,242799,488585,246330,242255,959,415,544,19916,24.58,3.1,21389
1999,합계,3490616,10321449,5170662,5150787,10264260,5141141,5123119,57189,29521,27668,17046,605.52,2.94,530190
1999,종로구,69581,188865,94763,94102,186590,93539,93051,2275,1224,1051,7899,23.91,2.68,13988
1999,중구,47969,129061,64853,64208,126254,63217,63037,2807,1636,1171,12945,9.97,2.63,9666
1999,용산구,88684,245716,122288,123428,237489,117775,119714,8227,4513,3714,11235,21.87,2.68,17267
1999,성동구,117701,340704,172208,168496,339175,171322,167853,1529,886,643,20232,16.84,2.88,18142
1999,광진구,136023,391705,197014,194691,390061,196237,193824,1644,777,867,22974,17.05,2.87,17236
1999,동대문구,130678,368368,186801,181567,367025,186167,180858,1343,634,709,25923,14.21,2.81,21711
1999,중랑구,152485,462434,232430,230004,461737,232135,229602,697,295,402,24983,18.51,3.03,21227
1999,성북구,162442,475466,239028,236438,472929,237767,235162,2537,1261,1276,19367,24.55,2.91,28302
1999,강북구,116512,352851,176210,176641,352142,175918,176224,709,292,417,14945,23.61,3.02,19163
1999,도봉구,119418,376133,188468,187665,375275,188130,187145,858,338,520,18066,20.82,3.14,18735
1999,노원구,195469,618771,306562,312209,617500,305940,311560,1271,622,649,17455,35.45,3.16,32524
1999,은평구,158681,473716,235465,238251,472464,234867,237597,1252,598,654,15939,29.72,2.98,25967
1999,서대문구,129403,371240,184227,187013,365783,181484,184299,5457,2743,2714,21093,17.6,2.83,22304
1999,마포구,140081,387701,192266,195435,385114,190912,194202,2587,1354,1233,16242,23.87,2.75,23017
1999,양천구,152133,481622,242592,239030,480313,241943,238370,1309,649,660,27664,17.41,3.16,21811
1999,강서구,171724,521284,259385,261899,519786,258623,261163,1498,762,736,12594,41.39,3.03,25811
1999,구로구,132543,396644,202103,194541,395294,201438,193856,1350,665,685,19724,20.11,2.98,17243
1999,금천구,91493,270458,138340,132118,268629,137454,131175,1829,886,943,20804,13,2.94,11299
1999,영등포구,141023,407176,206215,200961,404306,204616,199690,2870,1599,1271,16579,24.56,2.87,20686
1999,동작구,143849,420564,211425,209139,419161,210761,208400,1403,664,739,25723,16.35,2.91,22801
1999,관악구,181196,518774,263927,254847,517552,263353,254199,1222,574,648,17550,29.56,2.86,23496
1999,서초구,138329,404961,199979,204982,400950,197873,203077,4011,2106,1905,8591,47.14,2.9,19546
1999,강남구,192164,557257,274013,283244,552293,271269,281024,4964,2744,2220,14090,39.55,2.87,26431
1999,송파구,221483,668421,332246,336175,665918,330971,334947,2503,1275,1228,19723,33.89,3.01,29611
1999,강동구,159552,491557,247854,243703,490520,247430,243090,1037,424,613,19998,24.58,3.07,22206
2000,합계,3540492,10373234,5198186,5175048,10311314,5166605,5144709,61920,31581,30339,17132,605.5,2.91,558566
2000,종로구,69935,188946,94923,94023,186378,93549,92829,2568,1374,1194,7902,23.91,2.67,14489
2000,중구,53964,144074,72353,71721,141010,70538,70472,3064,1815,1249,14465,9.96,2.61,10624
2000,용산구,90547,248794,123677,125117,240087,118935,121152,8707,4742,3965,11376,21.87,2.65,18103
2000,성동구,119842,342508,173244,169264,340790,172246,168544,1718,998,720,20339,16.84,2.84,19155
2000,광진구,137934,393055,197922,195133,391309,197061,194248,1746,861,885,23053,17.05,2.84,18061
2000,동대문구,136644,382122,193672,188450,380444,192896,187548,1678,776,902,26872,14.22,2.78,23491
2000,중랑구,153386,459255,231171,228084,458440,230852,227588,815,319,496,24811,18.51,2.99,22469
2000,성북구,159916,463488,233027,230461,460862,231749,229113,2626,1278,1348,18864,24.57,2.88,29470
2000,강북구,117886,352772,176167,176605,351995,175860,176135,777,307,470,14942,23.61,2.99,20564
2000,도봉구,118807,371932,186372,185560,370976,186009,184967,956,363,593,17873,20.81,3.12,19673
2000,노원구,201204,634068,314064,320004,632634,313369,319265,1434,695,739,17901,35.42,3.14,34789
2000,은평구,158856,470747,234001,236746,469417,233400,236017,1330,601,729,15839,29.72,2.95,27282
2000,서대문구,131473,373105,185049,188056,367380,182202,185178,5725,2847,2878,21199,17.6,2.79,23621
2000,마포구,141862,390101,193446,196655,387308,192008,195300,2793,1438,1355,16336,23.88,2.73,24137
2000,양천구,155521,488282,246010,242272,486781,245288,241493,1501,722,779,28062,17.4,3.13,23155
2000,강서구,173789,522962,260121,262841,521231,259235,261996,1731,886,845,12635,41.39,3,26882
2000,구로구,135896,404786,206330,198456,403097,205510,197587,1689,820,869,20129,20.11,2.97,18728
2000,금천구,91827,268768,137672,131096,266431,136559,129872,2337,1113,1224,20674,13,2.9,12020
2000,영등포구,143085,409399,207962,201437,406510,206354,200156,2889,1608,1281,16663,24.57,2.84,21765
2000,동작구,144888,417396,209958,207438,415892,209248,206644,1504,710,794,25529,16.35,2.87,24057
2000,관악구,186734,525926,267989,257937,524404,267272,257132,1522,717,805,17786,29.57,2.81,25208
2000,서초구,137997,401858,198026,203832,397869,195942,201927,3989,2084,1905,8525,47.14,2.88,20130
2000,강남구,193101,555493,273122,282371,550343,270296,280047,5150,2826,2324,14045,39.55,2.85,26987
2000,송파구,222053,665644,330881,334763,663177,329686,333491,2467,1195,1272,19653,33.87,2.99,30709
2000,강동구,163345,497753,251027,246726,496549,250541,246008,1204,486,718,20250,24.58,3.04,22997
2001,합계,3570228,10331244,5175786,5155458,10263336,5141741,5121595,67908,34045,33863,17062,605.52,2.87,585897
2001,종로구,70085,187038,94120,92918,184225,92657,91568,2813,1463,1350,7823,23.91,2.63,15087
2001,중구,55409,146335,73524,72811,143016,71577,71439,3319,1947,1372,14692,9.96,2.58,11190
2001,용산구,92239,250550,124586,125964,241033,119405,121628,9517,5181,4336,11456,21.87,2.61,19142
2001,성동구,121565,343471,173713,169758,341375,172553,168822,2096,1160,936,20396,16.84,2.81,20345
2001,광진구,139190,390090,196416,193674,388109,195484,192625,1981,932,1049,22879,17.05,2.79,18755
2001,동대문구,138849,383822,194451,189371,381799,193588,188211,2023,863,1160,27011,14.21,2.75,25083
2001,중랑구,152708,449965,226046,223919,448928,225653,223275,1037,393,644,24322,18.5,2.94,23493
2001,성북구,158642,453517,228040,225477,450602,226644,223958,2915,1396,1519,18458,24.57,2.84,30674
2001,강북구,119814,352317,175958,176359,351404,175613,175791,913,345,568,14929,23.6,2.93,21892
2001,도봉구,119856,372318,186441,185877,371259,186049,185210,1059,392,667,17900,20.8,3.1,20869
2001,노원구,207842,648615,321219,327396,646905,320404,326501,1710,815,895,18286,35.47,3.11,37166
2001,은평구,160274,469242,233493,235749,467719,232828,234891,1523,665,858,15789,29.72,2.92,28984
2001,서대문구,132044,371316,183959,187357,366228,181514,184714,5088,2445,2643,21098,17.6,2.77,25052
2001,마포구,140799,382195,189506,192689,379141,187922,191219,3054,1584,1470,16012,23.87,2.69,24959
2001,양천구,156180,486095,244793,241302,484345,243971,240374,1750,822,928,27936,17.4,3.1,24076
2001,강서구,175849,523542,260181,263361,521489,259108,262381,2053,1073,980,12649,41.39,2.97,27910
2001,구로구,140533,417453,212616,204837,415330,211580,203750,2123,1036,1087,20758,20.11,2.96,20562
2001,금천구,91035,263061,134788,128273,260476,133523,126953,2585,1265,1320,20235,13,2.86,12613
2001,영등포구,145093,409920,208380,201540,406860,206761,200099,3060,1619,1441,16684,24.57,2.8,23222
2001,동작구,143095,407793,204604,203189,406116,203840,202276,1677,764,913,24941,16.35,2.84,24976
2001,관악구,192531,529741,270515,259226,527764,269604,258160,1977,911,1066,17915,29.57,2.74,26697
2001,서초구,138387,397983,195954,202029,393849,193795,200054,4134,2159,1975,8443,47.14,2.85,20609
2001,강남구,192505,546038,267550,278488,540640,264593,276047,5398,2957,2441,13806,39.55,2.81,27193
2001,송파구,222337,658242,327198,331044,655483,325867,329616,2759,1331,1428,19423,33.89,2.95,31777
2001,강동구,163367,490585,247735,242850,489241,247208,242033,1344,527,817,19959,24.58,2.99,23571
2002,합계,3623929,10280523,5144833,5135690,10207295,5108964,5098331,73228,35869,37359,16978,605.52,2.82,612783
2002,종로구,70113,184224,92681,91543,181231,91151,90080,2993,1530,1463,7705,23.91,2.58,15359
2002,중구,54521,141603,71109,70494,138134,69116,69018,3469,1993,1476,14217,9.96,2.53,11491
2002,용산구,91735,245218,121976,123242,234653,116242,118411,10565,5734,4831,11213,21.87,2.56,19845
2002,성동구,123394,343018,173092,169926,340773,171866,168907,2245,1226,1019,20357,16.85,2.76,21473
2002,광진구,141367,388478,195109,193369,386511,194200,192311,1967,909,1058,22785,17.05,2.73,19425
2002,동대문구,143014,384356,194605,189751,381841,193538,188303,2515,1067,1448,27029,14.22,2.67,26455
2002,중랑구,154085,443246,222571,220675,442125,222179,219946,1121,392,729,23959,18.5,2.87,24470
2002,성북구,159810,446968,224099,222869,443809,222614,221195,3159,1485,1674,18192,24.57,2.78,31766
2002,강북구,126252,362906,181219,181687,361896,180859,181037,1010,360,650,15377,23.6,2.87,23881
2002,도봉구,122201,373086,186496,186590,371911,186078,185833,1175,418,757,17937,20.8,3.04,22204
2002,노원구,209521,643585,318328,325257,641652,317436,324216,1933,892,1041,18170,35.42,3.06,39010
2002,은평구,164981,471873,234603,237270,470205,233910,236295,1668,693,975,15877,29.72,2.85,30841
2002,서대문구,134023,368001,182013,185988,362614,179411,183203,5387,2602,2785,20909,17.6,2.71,26332
2002,마포구,142790,378777,187632,191145,375417,185903,189514,3360,1729,1631,15868,23.87,2.63,26000
2002,양천구,158639,486350,244649,241701,484518,243807,240711,1832,842,990,27951,17.4,3.05,24898
2002,강서구,181422,530169,263064,267105,528321,262185,266136,1848,879,969,12806,41.4,2.91,29465
2002,구로구,142342,415789,211626,204163,413363,210467,202896,2426,1159,1267,20676,20.11,2.9,21674
2002,금천구,93056,264004,135105,128899,261413,133805,127608,2591,1300,1291,20308,13,2.81,13563
2002,영등포구,147838,412152,209174,202978,408753,207424,201329,3399,1750,1649,16775,24.57,2.76,24865
2002,동작구,144854,404872,202635,202237,403047,201955,201092,1825,680,1145,24763,16.35,2.78,26195
2002,관악구,197578,524560,267856,256704,522207,266951,255256,2353,905,1448,17740,29.57,2.64,28096
2002,서초구,138627,393583,193664,199919,389256,191409,197847,4327,2255,2072,8346,47.16,2.81,21159
2002,강남구,193857,540813,264791,276022,535138,261641,273497,5675,3150,2525,13678,39.54,2.76,27658
2002,송파구,223754,649888,322769,327119,647037,321426,325611,2851,1343,1508,19176,33.89,2.89,32395
2002,강동구,164155,483004,243967,239037,481470,243391,238079,1534,576,958,19650,24.58,2.93,24263
2003,합계,3714697,10276968,5133694,5143274,10174086,5084908,5089178,102882,48786,54096,16975,605.41,2.74,649755
2003,종로구,70288,181441,90978,90463,177519,89234,88285,3922,1744,2178,7588,23.91,2.58,15981
2003,중구,54487,138798,69282,69516,134548,67269,67279,4250,2013,2237,13932,9.96,2.55,12030
2003,용산구,93262,240723,119302,121421,231871,114602,117269,8852,4700,4152,11006,21.87,2.58,21055
2003,성동구,126592,343929,173182,170747,339368,170817,168551,4561,2365,2196,20416,16.85,2.72,22803
2003,광진구,144687,388659,194706,193953,384929,192996,191933,3730,1710,2020,22793,17.05,2.69,20748
2003,동대문구,146457,386814,195488,191326,382875,193763,189112,3939,1725,2214,27210,14.22,2.64,28229
2003,중랑구,156511,438011,219652,218359,436089,218949,217140,1922,703,1219,23672,18.5,2.8,25819
2003,성북구,167475,456535,228521,228014,453057,226943,226114,3478,1578,1900,18584,24.57,2.73,34010
2003,강북구,129543,362094,180321,181773,360663,179773,180890,1431,548,883,15341,23.6,2.8,25611
2003,도봉구,127264,378166,188711,189455,376599,188073,188526,1567,638,929,18181,20.8,2.97,23997
2003,노원구,211144,633934,313254,320680,631931,312390,319541,2003,864,1139,17896,35.42,3,40763
2003,은평구,172761,476843,236811,240032,474778,235970,238808,2065,841,1224,16047,29.72,2.76,33084
2003,서대문구,134956,361754,178551,183203,355753,175720,180033,6001,2831,3170,20537,17.61,2.68,27819
2003,마포구,149272,383629,189563,194066,379451,187569,191882,4178,1994,2184,16070,23.87,2.57,27694
2003,양천구,163755,489257,245379,243878,486962,244369,242593,2295,1010,1285,28118,17.4,2.99,26211
2003,강서구,189521,539673,267797,271876,537003,266490,270513,2670,1307,1363,13037,41.4,2.85,31595
2003,구로구,146240,419438,213651,205787,412845,210121,202724,6593,3530,3063,20853,20.11,2.87,23524
2003,금천구,95608,267355,136807,130548,261224,133379,127845,6131,3428,2703,20561,13,2.8,14690
2003,영등포구,149948,410952,208336,202616,403327,204446,198881,7625,3890,3735,16724,24.57,2.74,26549
2003,동작구,151694,413204,206499,206705,410360,205203,205157,2844,1296,1548,25260,16.36,2.72,28281
2003,관악구,206087,526971,268960,258011,522456,266908,255548,4515,2052,2463,17821,29.57,2.56,30187
2003,서초구,144165,400220,196071,204149,394757,193632,201125,5463,2439,3024,8510,47.03,2.78,22430
2003,강남구,196628,536031,260868,275163,528977,257776,271201,7054,3092,3962,13556,39.54,2.73,28467
2003,송파구,219648,623267,309170,314097,619514,307516,311998,3753,1654,2099,18393,33.89,2.84,32650
2003,강동구,166704,479270,241834,237436,477230,241000,236230,2040,834,1206,19500,24.58,2.87,25528
2004,합계,3780305,10287847,5128752,5159095,10173162,5074686,5098476,114685,54066,60619,16994,605.39,2.69,693225
2004,종로구,70408,178574,89574,89000,174372,87731,86641,4202,1843,2359,7468,23.91,2.54,16728
2004,중구,54419,136585,68000,68585,131971,65947,66024,4614,2053,2561,13712,9.96,2.51,12603
2004,용산구,94788,239070,118215,120855,230107,113512,116595,8963,4703,4260,10933,21.87,2.52,22063
2004,성동구,128964,343992,173076,170916,339113,170565,168548,4879,2511,2368,20419,16.85,2.67,24423
2004,광진구,145430,384681,192198,192483,380537,190304,190233,4144,1894,2250,22560,17.05,2.65,22040
2004,동대문구,148168,383896,193487,190409,379404,191597,187807,4492,1890,2602,27005,14.22,2.59,29972
2004,중랑구,158283,436063,218049,218014,433858,217271,216587,2205,778,1427,23567,18.5,2.75,27793
2004,성북구,169704,455041,226983,228058,451122,225280,225842,3919,1703,2216,18523,24.57,2.68,36159
2004,강북구,131995,362275,180142,182133,360525,179484,181041,1750,658,1092,15348,23.6,2.74,27719
2004,도봉구,131129,383611,190892,192719,381939,190240,191699,1672,652,1020,18444,20.8,2.93,26190
2004,노원구,212531,630555,311108,319447,628184,310082,318102,2371,1026,1345,17800,35.42,2.97,42992
2004,은평구,177305,480320,238149,242171,478087,237265,240822,2233,884,1349,16164,29.71,2.71,35800
2004,서대문구,136146,358186,176266,181920,352071,173452,178619,6115,2814,3301,20336,17.61,2.63,29772
2004,마포구,153994,388111,191313,196798,383457,189108,194349,4654,2205,2449,16257,23.87,2.52,29557
2004,양천구,169326,497642,249311,248331,495098,248169,246929,2544,1142,1402,28600,17.4,2.94,28170
2004,강서구,193973,544762,270057,274705,541671,268424,273247,3091,1633,1458,13159,41.4,2.81,33752
2004,구로구,150568,424725,215953,208772,416828,211704,205124,7897,4249,3648,21116,20.11,2.82,25489
2004,금천구,96632,266047,135963,130084,259633,132390,127243,6414,3573,2841,20456,13.01,2.75,15919
2004,영등포구,154167,415889,210440,205449,406261,205393,200868,9628,5047,4581,16930,24.56,2.7,28839
2004,동작구,154625,414199,206439,207760,410945,204946,205999,3254,1493,1761,25324,16.36,2.68,30183
2004,관악구,214261,535688,272997,262691,530156,270391,259765,5532,2606,2926,18116,29.57,2.5,32830
2004,서초구,148608,406752,198672,208080,400868,196076,204792,5884,2596,3288,8647,47.04,2.74,23994
2004,강남구,201571,539333,261704,277629,531517,258371,273146,7816,3333,4483,13640,39.54,2.68,30007
2004,송파구,216434,608439,301439,307000,604293,299576,304717,4146,1863,2283,17961,33.88,2.81,33563
2004,강동구,166876,473411,238325,235086,471145,237408,233737,2266,917,1349,19262,24.58,2.84,26668
2005,합계,3871024,10297004,5123738,5173266,10167344,5062492,5104852,129660,61246,68414,17009,605.4,2.63,735902
2005,종로구,69982,173861,87091,86770,169315,84981,84334,4546,2110,2436,7272,23.91,2.48,17217
2005,중구,55101,134420,67062,67358,130027,64995,65032,4393,2067,2326,13495,9.96,2.44,13069
2005,용산구,97324,240077,118268,121809,230260,113158,117102,9817,5110,4707,10979,21.87,2.47,23183
2005,성동구,131725,342691,171858,170833,337744,169346,168398,4947,2512,2435,20341,16.85,2.6,25904
2005,광진구,147077,380480,189497,190983,375613,187320,188293,4867,2177,2690,22304,17.06,2.59,23391
2005,동대문구,152613,386280,194446,191834,381110,192317,188793,5170,2129,3041,27173,14.22,2.53,32189
2005,중랑구,159674,429922,214675,215247,427373,213775,213598,2549,900,1649,23236,18.5,2.69,29434
2005,성북구,177456,467308,232338,234970,462879,230451,232428,4429,1887,2542,19024,24.56,2.63,38788
2005,강북구,132471,355334,176451,178883,353260,175723,177537,2074,728,1346,15055,23.6,2.68,29566
2005,도봉구,134308,383448,190512,192936,381529,189766,191763,1919,746,1173,18436,20.8,2.85,28009
2005,노원구,215166,624855,307569,317286,622003,306356,315647,2852,1213,1639,17640,35.42,2.9,44947
2005,은평구,178816,473456,234477,238979,470751,233418,237333,2705,1059,1646,15934,29.71,2.65,37760
2005,서대문구,138320,355934,174867,181067,349163,171773,177390,6771,3094,3677,20208,17.61,2.57,31654
2005,마포구,159894,393155,193008,200147,388164,190582,197582,4991,2426,2565,16466,23.88,2.46,31547
2005,양천구,174368,502788,251369,251419,499755,250040,249715,3033,1329,1704,28890,17.4,2.88,29840
2005,강서구,202052,557373,276000,281373,553660,274159,279501,3713,1841,1872,13464,41.4,2.76,36223
2005,구로구,154397,427119,216633,210486,416405,211109,205296,10714,5524,5190,21235,20.11,2.77,27550
2005,금천구,98179,263936,134619,129317,256902,130883,126019,7034,3736,3298,20279,13.02,2.69,17153
2005,영등포구,159762,421327,213122,208205,408386,206376,202010,12941,6746,6195,17151,24.57,2.64,31250
2005,동작구,158192,414668,205898,208770,410481,203993,206488,4187,1905,2282,25367,16.35,2.62,32061
2005,관악구,220879,537235,273470,263765,530020,270064,259956,7215,3406,3809,18168,29.57,2.43,35252
2005,서초구,152245,406875,198665,208210,401736,196268,205468,5139,2397,2742,8651,47.03,2.67,25287
2005,강남구,211338,547775,265943,281832,540909,262628,278281,6866,3315,3551,13853,39.54,2.59,31755
2005,송파구,222169,610023,301510,308513,605840,299659,306181,4183,1851,2332,18007,33.88,2.75,35302
2005,강동구,167516,466664,234390,232274,464059,233352,230707,2605,1038,1567,18987,24.58,2.79,27571
2006,합계,3978938,10356202,5145481,5210721,10181166,5062107,5119059,175036,83374,91662,17108,605.33,2.56,786580
2006,종로구,70925,172690,86375,86315,166793,83634,83159,5897,2741,3156,7223,23.91,2.43,17938
2006,중구,56642,136348,67950,68398,130649,65208,65441,5699,2742,2957,13688,9.96,2.41,13895
2006,용산구,101479,243033,119739,123294,232035,114041,117994,10998,5698,5300,11114,21.87,2.39,24397
2006,성동구,133864,340895,170965,169930,334437,167763,166674,6458,3202,3256,20234,16.85,2.55,27412
2006,광진구,150736,381540,189517,192023,374442,186268,188174,7098,3249,3849,22376,17.05,2.53,24919
2006,동대문구,155667,385712,193873,191839,378860,190947,187913,6852,2926,3926,27136,14.21,2.48,34381
2006,중랑구,163509,429404,214111,215293,426078,212918,213160,3326,1193,2133,23211,18.5,2.63,31992
2006,성북구,185805,478511,237494,241017,472843,235057,237786,5668,2437,3231,19479,24.57,2.58,41727
2006,강북구,134490,351624,174488,177136,348990,173510,175480,2634,978,1656,14897,23.6,2.61,31810
2006,도봉구,136003,379755,188320,191435,377534,187442,190092,2221,878,1343,18341,20.7,2.79,30261
2006,노원구,218799,621676,305515,316161,618093,304047,314046,3583,1468,2115,17550,35.42,2.84,47363
2006,은평구,180503,467940,231462,236478,464580,230143,234437,3360,1319,2041,15750,29.71,2.59,40148
2006,서대문구,141869,356652,174563,182089,349020,171098,177922,7632,3465,4167,20249,17.61,2.51,33662
2006,마포구,165036,397049,194461,202588,390583,191287,199296,6466,3174,3292,16624,23.88,2.41,33528
2006,양천구,178984,505606,252271,253335,501717,250479,251238,3889,1792,2097,29051,17.4,2.82,31600
2006,강서구,208347,559845,276968,282877,554945,274528,280417,4900,2440,2460,13515,41.43,2.69,38662
2006,구로구,159991,436786,221403,215383,419832,212559,207273,16954,8844,8110,21717,20.11,2.73,29870
2006,금천구,99193,263989,134694,129295,253243,129041,124202,10746,5653,5093,20287,13.01,2.66,18508
2006,영등포구,164263,429816,217412,212404,408698,206343,202355,21118,11069,10049,17496,24.57,2.62,33731
2006,동작구,161958,414978,205408,209570,408582,202449,206133,6396,2959,3437,25385,16.35,2.56,34137
2006,관악구,230093,545995,277400,268595,535217,272339,262878,10778,5061,5717,18463,29.57,2.37,38358
2006,서초구,158618,413970,201482,212488,408266,198874,209392,5704,2608,3096,8802,47.03,2.61,27140
2006,강남구,222642,564658,273524,291134,556964,269857,287107,7694,3667,4027,14280,39.54,2.54,34292
2006,송파구,228770,612527,302612,309915,607005,300173,306832,5522,2439,3083,18080,33.88,2.68,37603
2006,강동구,170752,465203,233474,231729,461760,232102,229658,3443,1372,2071,18928,24.58,2.72,29246
2007,합계,4046086,10421782,5174655,5247127,10192710,5063188,5129522,229072,111467,117605,17219,605.25,2.52,852235
2007,종로구,71968,173843,87001,86842,165846,83104,82742,7997,3897,4100,7271,23.91,2.42,19127
2007,중구,57473,137435,68516,68919,130044,64908,65136,7391,3608,3783,13799,9.96,2.39,14907
2007,용산구,104720,248362,122454,125908,235832,115865,119967,12530,6589,5941,11356,21.87,2.37,26039
2007,성동구,135655,341620,171404,170216,333535,167424,166111,8085,3980,4105,20274,16.85,2.52,29691
2007,광진구,154017,386367,191521,194846,376572,186945,189627,9795,4576,5219,22661,17.05,2.51,27100
2007,동대문구,156777,385825,193949,191876,376421,189686,186735,9404,4263,5141,27171,14.2,2.46,37066
2007,중랑구,167665,431406,215356,216050,427071,213662,213409,4335,1694,2641,23319,18.5,2.57,34951
2007,성북구,187024,477358,236767,240591,469973,233505,236468,7385,3262,4123,19428,24.57,2.55,44604
2007,강북구,135415,348702,172942,175760,345478,171730,173748,3224,1212,2012,14769,23.61,2.58,34732
2007,도봉구,138156,378559,187454,191105,375975,186424,189551,2584,1030,1554,18288,20.7,2.74,32780
2007,노원구,222109,621192,304732,316460,616753,302823,313930,4439,1909,2530,17538,35.42,2.8,50656
2007,은평구,181551,463473,229054,234419,459196,227286,231910,4277,1768,2509,15600,29.71,2.55,43414
2007,서대문구,144016,357174,174544,182630,348575,170588,177987,8599,3956,4643,20282,17.61,2.48,36326
2007,마포구,167901,400392,196196,204196,392650,192383,200267,7742,3813,3929,16774,23.87,2.38,36160
2007,양천구,181977,508566,253616,254950,503650,251355,252295,4916,2261,2655,29228,17.4,2.79,33961
2007,강서구,213893,566495,279974,286521,560424,276977,283447,6071,2997,3074,13677,41.42,2.65,42075
2007,구로구,163310,445095,225414,219681,420542,212665,207877,24553,12749,11804,22133,20.11,2.73,33021
2007,금천구,99299,264323,135135,129188,249108,126977,122131,15215,8158,7057,20317,13.01,2.66,20353
2007,영등포구,166087,439151,222241,216910,408178,205976,202202,30973,16265,14708,17873,24.57,2.64,36661
2007,동작구,163600,414839,205115,209724,405967,200891,205076,8872,4224,4648,25372,16.35,2.54,36829
2007,관악구,236544,550766,279947,270819,535571,272618,262953,15195,7329,7866,18626,29.57,2.33,42214
2007,서초구,158880,411951,200378,211573,405969,197555,208414,5982,2823,3159,8765,47,2.59,29054
2007,강남구,226149,569176,275010,294166,560958,270925,290033,8218,4085,4133,14395,39.54,2.52,37115
2007,송파구,237517,630691,310809,319882,623876,307693,316183,6815,3116,3699,18615,33.88,2.66,41787
2007,강동구,174383,469021,235126,233895,464546,233223,231323,4475,1903,2572,19081,24.58,2.69,31612
2008,합계,4097562,10456034,5184732,5271302,10200827,5061809,5139018,255207,122923,132284,17275,605.27,2.49,898700
2008,종로구,74660,179754,89725,90029,170705,85398,85307,9049,4327,4722,7519,23.91,2.29,20162
2008,중구,58174,138811,69284,69527,130362,65110,65252,8449,4174,4275,13936,9.96,2.24,15427
2008,용산구,106966,251043,123551,127492,238224,116781,121443,12819,6770,6049,11480,21.87,2.23,27167
2008,성동구,128658,322679,161744,160935,314212,157602,156610,8467,4142,4325,19151,16.85,2.44,29525
2008,광진구,155676,387254,191676,195578,375482,186237,189245,11772,5439,6333,22698,17.06,2.41,28702
2008,동대문구,156267,381663,191888,189775,370250,186744,183506,11413,5144,6269,26876,14.2,2.37,38563
2008,중랑구,171183,432845,216344,216501,427871,214351,213520,4974,1993,2981,23399,18.5,2.5,37180
2008,성북구,190713,481419,238344,243075,473357,234730,238627,8062,3614,4448,19597,24.57,2.48,47242
2008,강북구,136300,345754,171180,174574,342274,169887,172387,3480,1293,2187,14644,23.61,2.51,36649
2008,도봉구,139733,376698,186476,190222,373936,185376,188560,2762,1100,1662,18196,20.7,2.68,34750
2008,노원구,225065,620808,304068,316740,615981,301982,313999,4827,2086,2741,17524,35.43,2.74,52938
2008,은평구,182762,463364,228740,234624,458401,226636,231765,4963,2104,2859,15607,29.69,2.51,46002
2008,서대문구,138295,340731,166432,174299,331688,162350,169338,9043,4082,4961,19356,17.6,2.4,36342
2008,마포구,165978,393241,192243,200998,385119,188327,196792,8122,3916,4206,16472,23.87,2.32,36811
2008,양천구,183002,507899,253061,254838,502343,250516,251827,5556,2545,3011,29183,17.4,2.75,35573
2008,강서구,223026,583545,288063,295482,576848,284817,292031,6697,3246,3451,14086,41.43,2.59,45762
2008,구로구,165750,448696,226732,221964,420795,212461,208334,27901,14271,13630,22282,20.14,2.54,35608
2008,금천구,100138,265244,135337,129907,247320,125931,121389,17924,9406,8518,20396,13.01,2.47,21649
2008,영등포구,168187,443537,223825,219712,408099,205732,202367,35438,18093,17345,18056,24.57,2.43,38951
2008,동작구,163742,410934,202654,208280,400866,197951,202915,10068,4703,5365,25136,16.35,2.45,38320
2008,관악구,241511,551873,279975,271898,534556,271762,262794,17317,8213,9104,18664,29.57,2.21,44843
2008,서초구,159907,412065,200313,211752,406320,197570,208750,5745,2743,3002,8767,47,2.54,30943
2008,강남구,227533,565624,272953,292671,557832,268963,288869,7792,3990,3802,14307,39.54,2.45,38918
2008,송파구,256104,676580,332704,343876,668962,329262,339700,7618,3442,4176,19971,33.88,2.61,46934
2008,강동구,178232,473973,237420,236553,469024,235333,233691,4949,2087,2862,19285,24.58,2.63,33739
2009,합계,4116660,10464051,5181359,5282692,10208302,5059269,5149033,255749,122090,133659,17289,605.25,2.48,942946
2009,종로구,74315,177543,88432,89111,168603,84257,84346,8940,4175,4765,7426,23.91,2.27,20753
2009,중구,58249,137861,69046,68815,129465,65025,64440,8396,4021,4375,13841,9.96,2.22,16008
2009,용산구,107456,251200,123528,127672,238708,116954,121754,12492,6574,5918,11487,21.87,2.22,28167
2009,성동구,126670,316064,158203,157861,308058,154333,153725,8006,3870,4136,18759,16.85,2.43,30300
2009,광진구,156140,386513,190967,195546,373998,185190,188808,12515,5777,6738,22653,17.06,2.4,30288
2009,동대문구,153437,374277,187856,186421,362146,182550,179596,12131,5306,6825,26356,14.2,2.36,39693
2009,중랑구,171448,429700,214546,215154,424761,212576,212185,4939,1970,2969,23232,18.5,2.48,39191
2009,성북구,192990,484457,239463,244994,476028,235755,240273,8429,3708,4721,19721,24.57,2.47,49417
2009,강북구,136779,343912,170346,173566,340367,168998,171369,3545,1348,2197,14566,23.61,2.49,38749
2009,도봉구,139010,372398,184019,188379,369733,182985,186748,2665,1034,1631,17988,20.7,2.66,36245
2009,노원구,225000,615161,301164,313997,610616,299211,311405,4545,1953,2592,17360,35.44,2.71,54756
2009,은평구,185701,470782,231849,238933,465895,229728,236167,4887,2121,2766,15855,29.69,2.51,48979
2009,서대문구,137062,336649,164251,172398,327451,160243,167208,9198,4008,5190,19126,17.6,2.39,37561
2009,마포구,165750,392313,191300,201013,384013,187324,196689,8300,3976,4324,16434,23.87,2.32,38327
2009,양천구,182363,506684,251971,254713,501395,249567,251828,5289,2404,2885,29104,17.41,2.75,37132
2009,강서구,221975,579196,285597,293599,572836,282529,290307,6360,3068,3292,13983,41.42,2.58,47657
2009,구로구,167404,449613,227173,222440,421967,212953,209014,27646,14220,13426,22347,20.12,2.52,37465
2009,금천구,100285,263116,134341,128775,244835,124836,119999,18281,9505,8776,20240,13,2.44,22695
2009,영등포구,168099,441747,222622,219125,405798,204349,201449,35949,18273,17676,17983,24.57,2.41,40498
2009,동작구,163344,407973,200855,207118,397920,196339,201581,10053,4516,5537,24954,16.35,2.44,39971
2009,관악구,241873,547311,277269,270042,529869,269023,260846,17442,8246,9196,18510,29.57,2.19,47311
2009,서초구,166405,431131,209113,222018,425481,206346,219135,5650,2767,2883,9172,47,2.56,34046
2009,강남구,229431,569499,274480,295019,562138,270720,291418,7361,3760,3601,14405,39.54,2.45,41065
2009,송파구,260681,689296,337950,351346,681476,334477,346999,7820,3473,4347,20347,33.88,2.61,50067
2009,강동구,184793,489655,245018,244637,484745,243001,241744,4910,2017,2893,19920,24.58,2.62,36605
2010,합계,4224181,10575447,5236742,5338705,10312545,5111259,5201286,262902,125483,137419,17473,605.25,2.44,1007572
2010,종로구,77621,179362,89252,90110,170578,85182,85396,8784,4070,4714,7502,23.91,2.2,22458
2010,중구,61468,141200,70908,70292,132822,66879,65943,8378,4029,4349,14177,9.96,2.16,17504
2010,용산구,113204,257143,125832,131311,244853,119482,125371,12290,6350,5940,11759,21.87,2.16,30996
2010,성동구,129644,316892,158771,158121,309093,155067,154026,7799,3704,4095,18808,16.85,2.38,32094
2010,광진구,159675,388775,192053,196722,375463,186024,189439,13312,6029,7283,22786,17.06,2.35,32241
2010,동대문구,158485,379343,190317,189026,366786,184874,181912,12557,5443,7114,26713,14.2,2.31,42669
2010,중랑구,176096,432302,216255,216047,427455,214383,213072,4847,1872,2975,23373,18.5,2.43,41887
2010,성북구,201489,497692,245659,252033,488932,241927,247005,8760,3732,5028,20260,24.57,2.43,53243
2010,강북구,142711,350007,173373,176634,346520,172109,174411,3487,1264,2223,14824,23.61,2.43,41702
2010,도봉구,140603,370734,183283,187451,368298,182407,185891,2436,876,1560,17908,20.7,2.62,38214
2010,노원구,228022,615425,301141,314284,611230,299384,311846,4195,1757,2438,17367,35.44,2.68,57049
2010,은평구,196390,492925,242564,250361,488109,240536,247573,4816,2028,2788,16601,29.69,2.49,53779
2010,서대문구,138473,333871,162823,171048,324541,158857,165684,9330,3966,5364,18968,17.6,2.34,39497
2010,마포구,170531,400464,195145,205319,391865,191034,200831,8599,4111,4488,16776,23.87,2.3,41457
2010,양천구,183718,505223,251368,253855,500001,249024,250977,5222,2344,2878,29020,17.41,2.72,39067
2010,강서구,225313,580506,286324,294182,574127,283248,290879,6379,3076,3303,14015,41.42,2.55,50349
2010,구로구,170317,452667,229189,223478,423736,214032,209704,28931,15157,13774,22499,20.12,2.49,39389
2010,금천구,103412,264544,135717,128827,245195,125528,119667,19349,10189,9160,20350,13,2.37,23995
2010,영등포구,171791,445648,225127,220521,406833,205106,201727,38815,20021,18794,18141,24.57,2.37,42764
2010,동작구,167887,413814,203608,210206,402709,198587,204122,11105,5021,6084,25312,16.35,2.4,42539
2010,관악구,247588,549736,278445,271291,531434,269783,261651,18302,8662,9640,18592,29.57,2.15,50663
2010,서초구,170882,440021,213200,226821,434720,210652,224068,5301,2548,2753,9361,47,2.54,37131
2010,강남구,234345,577070,277932,299138,570095,274303,295792,6975,3629,3346,14596,39.54,2.43,44229
2010,송파구,264364,693144,339868,353276,685279,336359,348920,7865,3509,4356,20460,33.88,2.59,53156
2010,강동구,190152,496939,248588,248351,491871,246492,245379,5068,2096,2972,20217,24.58,2.59,39500
2011,합계,4192752,10528774,5208492,5320282,10249679,5073899,5175780,279095,134593,144502,17397,605.21,2.44,1049425
2011,종로구,76688,177419,88107,89312,168382,83931,84451,9037,4176,4861,7421,23.91,2.2,22939
2011,중구,61475,141567,71137,70430,133193,67065,66128,8374,4072,4302,14212,9.96,2.17,18099
2011,용산구,112617,259288,126735,132553,246501,120183,126318,12787,6552,6235,11857,21.87,2.19,31837
2011,성동구,126148,308767,154511,154256,300711,150655,150056,8056,3856,4200,18325,16.85,2.38,32767
2011,광진구,158472,386673,190867,195806,371936,184103,187833,14737,6764,7973,22661,17.06,2.35,33613
2011,동대문구,157823,378534,189538,188996,365486,183925,181561,13048,5613,7435,26653,14.2,2.32,44368
2011,중랑구,175115,428672,214258,214414,423706,212291,211415,4966,1967,2999,23175,18.5,2.42,43745
2011,성북구,199398,494422,243639,250783,485171,239726,245445,9251,3913,5338,20125,24.57,2.43,55213
2011,강북구,142527,348740,172309,176431,345054,170906,174148,3686,1403,2283,14780,23.6,2.42,43507
2011,도봉구,139348,367949,181911,186038,365573,181004,184569,2376,907,1469,17774,20.7,2.62,39810
2011,노원구,225104,608062,297308,310754,603930,295551,308379,4132,1757,2375,17160,35.44,2.68,58642
2011,은평구,197582,498350,244730,253620,493634,242779,250855,4716,1951,2765,16782,29.69,2.5,56595
2011,서대문구,134730,324529,158160,166369,314852,154033,160819,9677,4127,5550,18434,17.6,2.34,40041
2011,마포구,168640,398627,193539,205088,389493,189243,200250,9134,4296,4838,16720,23.84,2.31,42610
2011,양천구,182677,505605,251346,254259,500210,248927,251283,5395,2419,2976,29049,17.41,2.74,41110
2011,강서구,223490,575846,283662,292184,569072,280274,288798,6774,3388,3386,13901,41.43,2.55,52314
2011,구로구,171064,458908,232056,226852,427468,215474,211994,31440,16582,14858,22806,20.12,2.5,41992
2011,금천구,103600,264256,135604,128652,243438,124665,118773,20818,10939,9879,20326,13,2.35,25089
2011,영등포구,168850,439555,221913,217642,397443,199987,197456,42112,21926,20186,17892,24.57,2.35,43891
2011,동작구,167099,413658,203341,210317,401408,197672,203736,12250,5669,6581,25296,16.35,2.4,44287
2011,관악구,246979,546350,276675,269675,526397,267145,259252,19953,9530,10423,18478,29.57,2.13,53022
2011,서초구,168988,439012,212636,226376,433564,209902,223662,5448,2734,2714,9340,47,2.57,39035
2011,강남구,231983,573003,275906,297097,565710,271991,293719,7293,3915,3378,14501,39.51,2.44,47187
2011,송파구,261963,690466,338344,352122,682209,334494,347715,8257,3850,4407,20382,33.88,2.6,55456
2011,강동구,190392,500516,250260,250256,495138,247973,247165,5378,2287,3091,20359,24.59,2.6,42256
2012,합계,4177970,10442426,5159665,5282761,10195318,5041336,5153982,247108,118329,128779,17255,605.18,2.44,1110995
2012,종로구,75659,173148,85997,87151,165207,82274,82933,7941,3723,4218,7243,23.91,2.18,23868
2012,중구,61546,140807,70762,70045,133360,67043,66317,7447,3719,3728,14136,9.96,2.17,18875
2012,용산구,110706,255294,124708,130586,243232,118461,124771,12062,6247,5815,11674,21.87,2.2,33027
2012,성동구,125848,306868,153272,153596,299604,149832,149772,7264,3440,3824,18214,16.85,2.38,34180
2012,광진구,158534,384269,189367,194902,371313,183528,187785,12956,5839,7117,22520,17.06,2.34,35759
2012,동대문구,157650,375683,187851,187832,363258,182661,180597,12425,5190,7235,26453,14.2,2.3,46795
2012,중랑구,174313,423655,211708,211947,419295,210043,209252,4360,1665,2695,22904,18.5,2.41,46476
2012,성북구,197992,490639,241162,249477,481857,237474,244383,8782,3688,5094,19968,24.57,2.43,58142
2012,강북구,142150,346493,171099,175394,343157,169866,173291,3336,1233,2103,14684,23.6,2.41,46222
2012,도봉구,138036,364454,180023,184431,362270,179194,183076,2184,829,1355,17605,20.7,2.62,42267
2012,노원구,222959,600829,293616,307213,597189,292081,305108,3640,1535,2105,16955,35.44,2.68,61218
2012,은평구,200502,505902,248150,257752,501480,246318,255162,4422,1832,2590,17035,29.7,2.5,60776
2012,서대문구,135104,324733,157969,166764,315113,154017,161096,9620,3952,5668,18444,17.61,2.33,42088
2012,마포구,166722,393576,190514,203062,384644,186452,198192,8932,4062,4870,16511,23.84,2.31,44283
2012,양천구,181135,500533,248683,251850,495911,246637,249274,4622,2046,2576,28769,17.4,2.74,43514
2012,강서구,223708,573794,282185,291609,567431,278969,288462,6363,3216,3147,13851,41.43,2.54,55821
2012,구로구,171498,454478,229130,225348,427520,214982,212538,26958,14148,12810,22589,20.12,2.49,45252
2012,금천구,104357,260734,133834,126900,243288,124675,118613,17446,9159,8287,20055,13,2.33,26848
2012,영등포구,167685,426876,215084,211792,391408,196765,194643,35468,18319,17149,17386,24.55,2.33,46237
2012,동작구,169293,416268,204479,211789,405491,199454,206037,10777,5025,5752,25456,16.35,2.4,47185
2012,관악구,247598,540520,273640,266880,523029,265281,257748,17491,8359,9132,18280,29.57,2.11,56620
2012,서초구,168878,439998,213011,226987,435044,210440,224604,4954,2571,2383,9361,47,2.58,41763
2012,강남구,230755,569997,274124,295873,564197,270970,293227,5800,3154,2646,14431,39.5,2.45,50348
2012,송파구,257852,680150,333060,347090,673115,329747,343368,7035,3313,3722,20078,33.88,2.61,58490
2012,강동구,187490,492728,246237,246491,487905,244172,243733,4823,2065,2758,20042,24.59,2.6,44941
2013,합계,4182351,10388055,5126351,5261704,10143645,5007869,5135776,244410,118482,125928,17165,605.2,2.43,1167177
2013,종로구,73693,167867,83211,84656,160070,79519,80551,7797,3692,4105,7022,23.91,2.17,23997
2013,중구,60600,137990,69128,68862,130465,65371,65094,7525,3757,3768,13854,9.96,2.15,19346
2013,용산구,109361,251925,122974,128951,239740,116491,123249,12185,6483,5702,11520,21.87,2.19,34017
2013,성동구,126447,306571,152809,153762,299337,149304,150033,7234,3505,3729,18190,16.85,2.37,35421
2013,광진구,159173,381439,187584,193855,368927,181864,187063,12512,5720,6792,22356,17.06,2.32,37623
2013,동대문구,159256,376445,188167,188278,364273,182987,181286,12172,5180,6992,26490,14.21,2.29,49097
2013,중랑구,174938,421237,210390,210847,416798,208641,208157,4439,1749,2690,22773,18.5,2.38,48998
2013,성북구,196693,485347,238228,247119,476589,234573,242016,8758,3655,5103,19747,24.58,2.42,60499
2013,강북구,141246,341921,168546,173375,338707,167342,171365,3214,1204,2010,14490,23.6,2.4,48547
2013,도봉구,137714,360609,177925,182684,358582,177153,181429,2027,772,1255,17418,20.7,2.6,44469
2013,노원구,222132,594027,289967,304060,590479,288435,302044,3548,1532,2016,16763,35.44,2.66,63810
2013,은평구,202487,508111,248722,259389,503660,246858,256802,4451,1864,2587,17107,29.7,2.49,64328
2013,서대문구,135272,324067,157314,166753,314110,153315,160795,9957,3999,5958,18405,17.61,2.32,43850
2013,마포구,166780,391098,188874,202224,381856,184774,197082,9242,4100,5142,16407,23.84,2.29,45758
2013,양천구,180443,496934,246723,250211,492528,244742,247786,4406,1981,2425,28554,17.4,2.73,46026
2013,강서구,226607,575236,282287,292949,569070,279207,289863,6166,3080,3086,13885,41.43,2.51,59530
2013,구로구,171419,452168,227694,224474,424964,213251,211713,27204,14443,12761,22475,20.12,2.48,48027
2013,금천구,104179,258254,132742,125512,241020,123462,117558,17234,9280,7954,19840,13.02,2.31,28310
2013,영등포구,167761,421577,212417,209160,386471,193880,192591,35106,18537,16569,17187,24.53,2.3,48065
2013,동작구,172700,421487,207223,214264,410815,202144,208671,10672,5079,5593,25773,16.35,2.38,50062
2013,관악구,248006,535128,270512,264616,518028,262248,255780,17100,8264,8836,18097,29.57,2.09,59705
2013,서초구,170594,446541,215771,230770,441763,213285,228478,4778,2486,2292,9501,47,2.59,44674
2013,강남구,230645,569152,273583,295569,563599,270601,292998,5553,2982,2571,14409,39.5,2.44,53461
2013,송파구,257441,674955,330030,344925,668415,326919,341496,6540,3111,3429,19925,33.87,2.6,61745
2013,강동구,186764,487969,243530,244439,483379,241503,241876,4590,2027,2563,19846,24.59,2.59,47812
2014,합계,4194176,10369593,5109013,5260580,10103233,4979768,5123465,266360,129245,137115,17134,605.2,2.41,1221616
2014,종로구,73101,165344,81439,83905,156993,77621,79372,8351,3818,4533,6915,23.91,2.15,24537
2014,중구,59960,136227,67952,68275,128065,64033,64032,8162,3919,4243,13677,9.96,2.14,19960
2014,용산구,108429,249914,122047,127867,235951,114578,121373,13963,7469,6494,11427,21.87,2.18,34896
2014,성동구,125814,303891,151149,152742,296086,147363,148723,7805,3786,4019,18035,16.85,2.35,36684
2014,광진구,158524,377375,185011,192364,363354,178738,184616,14021,6273,7748,22120,17.06,2.29,38974
2014,동대문구,159880,376319,187638,188681,363687,182510,181177,12632,5128,7504,26483,14.21,2.27,50915
2014,중랑구,176714,423411,211178,212233,418836,209323,209513,4575,1855,2720,22887,18.5,2.37,51995
2014,성북구,193359,475961,233009,242952,466706,229205,237501,9255,3804,5451,19364,24.58,2.41,62066
2014,강북구,141246,338410,166553,171857,335025,165223,169802,3385,1330,2055,14339,23.6,2.37,50841
2014,도봉구,136977,355712,175306,180406,353709,174554,179155,2003,752,1251,17184,20.7,2.58,46471
2014,노원구,221107,586056,285697,300359,582552,284225,298327,3504,1472,2032,16537,35.44,2.63,66480
2014,은평구,202187,503243,245946,257297,498644,243977,254667,4599,1969,2630,16944,29.7,2.47,67002
2014,서대문구,134780,320861,155477,165384,310376,151338,159038,10485,4139,6346,18220,17.61,2.3,45309
2014,마포구,169492,395830,190717,205113,385439,186177,199262,10391,4540,5851,16604,23.84,2.27,47360
2014,양천구,179069,490708,243091,247617,486221,241020,245201,4487,2071,2416,28202,17.4,2.72,48175
2014,강서구,234378,591653,289841,301812,585160,286644,298516,6493,3197,3296,14281,41.43,2.5,64287
2014,구로구,172594,457131,230091,227040,425831,213213,212618,31300,16878,14422,22720,20.12,2.47,51187
2014,금천구,103940,258030,132476,125554,238463,121878,116585,19567,10598,8969,19818,13.02,2.29,29553
2014,영등포구,168100,421436,212261,209175,382352,191464,190888,39084,20797,18287,17180,24.53,2.27,49829
2014,동작구,172389,419261,205962,213299,407470,200328,207142,11791,5634,6157,25643,16.35,2.36,52327
2014,관악구,248180,531960,268683,263277,513186,259631,253555,18774,9052,9722,17990,29.57,2.07,62577
2014,서초구,173469,454288,219109,235179,449678,216740,232938,4610,2369,2241,9666,47,2.59,47469
2014,강남구,237375,583446,280082,303364,578114,277267,300847,5332,2815,2517,14771,39.5,2.44,57444
2014,송파구,257207,671794,328308,343486,664738,324902,339836,7056,3406,3650,19834,33.87,2.58,65025
2014,강동구,185905,481332,239990,241342,476597,237816,238781,4735,2174,2561,19574,24.59,2.56,50253
2015,합계,4189948,10297138,5063550,5233588,10022181,4930943,5091238,274957,132607,142350,-,-,2.39,1267563
2015,종로구,72645,163822,80531,83291,154986,76548,78438,8836,3983,4853,-,-,2.13,24892
2015,중구,59321,134329,66755,67574,125733,62687,63046,8596,4068,4528,-,-,2.12,20302
2015,용산구,107512,247909,121027,126882,233342,113177,120165,14567,7850,6717,-,-,2.17,35715
2015,성동구,126714,305065,151459,153606,297003,147570,149433,8062,3889,4173,-,-,2.34,38164
2015,광진구,158353,375180,183436,191744,360369,176884,183485,14811,6552,8259,-,-,2.28,40368
2015,동대문구,159941,373824,185827,187997,360153,180485,179668,13671,5342,8329,-,-,2.25,52490
2015,중랑구,176390,418620,208393,210227,413909,206505,207404,4711,1888,2823,-,-,2.35,54095
2015,성북구,190973,469560,229183,240377,459275,224980,234295,10285,4203,6082,-,-,2.4,63281
2015,강북구,141088,334426,164337,170089,330873,162967,167906,3553,1370,2183,-,-,2.35,52598
2015,도봉구,136903,353241,173804,179437,351242,173029,178213,1999,775,1224,-,-,2.57,48590
2015,노원구,219768,578221,281538,296683,574583,279987,294596,3638,1551,2087,-,-,2.61,68909
2015,은평구,203410,502578,244964,257614,497920,242975,254945,4658,1989,2669,-,-,2.45,69753
2015,서대문구,135770,323105,156130,166975,312141,152008,160133,10964,4122,6842,-,-,2.3,46758
2015,마포구,171480,398351,190957,207394,387643,186495,201148,10708,4462,6246,-,-,2.26,48598
2015,양천구,179512,489010,242074,246936,484532,239995,244537,4478,2079,2399,-,-,2.7,50398
2015,강서구,238952,595691,291216,304475,589074,287947,301127,6617,3269,3348,-,-,2.47,67950
2015,구로구,172321,454604,228201,226403,422092,210440,211652,32512,17761,14751,-,-,2.45,53719
2015,금천구,103847,256167,131346,124821,236284,120604,115680,19883,10742,9141,-,-,2.28,31070
2015,영등포구,167863,417811,210388,207423,378504,189394,189110,39307,20994,18313,-,-,2.25,51481
2015,동작구,170495,412774,202165,210609,400641,196463,204178,12133,5702,6431,-,-,2.35,53610
2015,관악구,249191,529031,266773,262258,509663,257491,252172,19368,9282,10086,-,-,2.05,64985
2015,서초구,173007,451258,217036,234222,446764,214737,232027,4494,2299,2195,-,-,2.58,49280
2015,강남구,237373,581760,279209,302551,576495,276425,300070,5265,2784,2481,-,-,2.43,60330
2015,송파구,256611,667480,325950,341530,660302,322441,337861,7178,3509,3669,-,-,2.57,68292
2015,강동구,180508,463321,230851,232470,458658,228709,229949,4663,2142,2521,-,-,2.54,51935
2016,합계,4189839,10204057,5007379,5196678,9930616,4876789,5053827,273441,130590,142851,-,-,2.37,1300877
2016,종로구,72118,161922,79322,82600,152737,75201,77536,9185,4121,5064,-,-,2.12,25091
2016,중구,59651,134409,66452,67957,125249,62204,63045,9160,4248,4912,-,-,2.1,20606
2016,용산구,106607,245102,119636,125466,230241,111601,118640,14861,8035,6826,-,-,2.16,35915
2016,성동구,128727,307161,152006,155155,299259,148326,150933,7902,3680,4222,-,-,2.32,39262
2016,광진구,158390,372104,181251,190853,357215,174797,182418,14889,6454,8435,-,-,2.26,41441
2016,동대문구,159426,370312,183444,186868,355069,177640,177429,15243,5804,9439,-,-,2.23,53460
2016,중랑구,177400,415677,206772,208905,411005,204900,206105,4672,1872,2800,-,-,2.32,55914
2016,성북구,188304,461617,224504,237113,450355,219951,230404,11262,4553,6709,-,-,2.39,64015
2016,강북구,141229,330704,162211,168493,327195,160861,166334,3509,1350,2159,-,-,2.32,54053
2016,도봉구,136898,350272,172006,178266,348220,171238,176982,2052,768,1284,-,-,2.54,50510
2016,노원구,219736,571212,277866,293346,567581,276333,291248,3631,1533,2098,-,-,2.58,70887
2016,은평구,201891,495937,241048,254889,491476,239183,252293,4461,1865,2596,-,-,2.43,71457
2016,서대문구,136766,325871,156597,169274,314194,152510,161684,11677,4087,7590,-,-,2.3,47653
2016,마포구,169432,390887,186668,204219,379892,182162,197730,10995,4506,6489,-,-,2.24,48303
2016,양천구,177434,481845,238163,243682,477739,236290,241449,4106,1873,2233,-,-,2.69,52063
2016,강서구,245045,602104,293734,308370,595485,290478,305007,6619,3256,3363,-,-,2.43,71062
2016,구로구,172220,449600,225411,224189,417551,207667,209884,32049,17744,14305,-,-,2.42,55705
2016,금천구,104483,254654,130429,124225,235386,119885,115501,19268,10544,8724,-,-,2.25,32279
2016,영등포구,165729,406779,204712,202067,370613,185200,185413,36166,19512,16654,-,-,2.24,51844
2016,동작구,172506,413247,201842,211405,400997,196267,204730,12250,5575,6675,-,-,2.32,55231
2016,관악구,251955,525607,265034,260573,506851,256143,250708,18756,8891,9865,-,-,2.01,66952
2016,서초구,173970,451477,216886,234591,447192,214673,232519,4285,2213,2072,-,-,2.57,50984
2016,강남구,234080,572140,274217,297923,567115,271604,295511,5025,2613,2412,-,-,2.42,61931
2016,송파구,258382,664946,324087,340859,657831,320557,337274,7115,3530,3585,-,-,2.55,71064
2016,강동구,177460,448471,223081,225390,444168,221118,223050,4303,1963,2340,-,-,2.5,53195
2017,합계,4220082,10124579,4957857,5166722,9857426,4830206,5027220,267153,127651,139502,-,-,2.34,1365126
2017,종로구,73594,164257,80094,84163,154770,75967,78803,9487,4127,5360,-,-,2.1,26182
2017,중구,60412,134593,66337,68256,125709,62253,63456,8884,4084,4800,-,-,2.08,21384
2017,용산구,107666,244444,119423,125021,229161,110878,118283,15283,8545,6738,-,-,2.13,36882
2017,성동구,132902,312711,154077,158634,304808,150368,154440,7903,3709,4194,-,-,2.29,41273
2017,광진구,160798,372298,180645,191653,357703,174414,183289,14595,6231,8364,-,-,2.22,43953
2017,동대문구,159938,366011,181185,184826,350647,175324,175323,15364,5861,9503,-,-,2.19,55718
2017,중랑구,179132,412780,205125,207655,408226,203325,204901,4554,1800,2754,-,-,2.28,59262
2017,성북구,187112,455407,221103,234304,444055,216556,227499,11352,4547,6805,-,-,2.37,66251
2017,강북구,142533,328002,160252,167750,324479,158918,165561,3523,1334,2189,-,-,2.28,56530
2017,도봉구,137378,346234,169553,176681,344166,168759,175407,2068,794,1274,-,-,2.51,53488
2017,노원구,217619,558075,271025,287050,554403,269508,284895,3672,1517,2155,-,-,2.55,74243
2017,은평구,202839,491202,238223,252979,486794,236353,250441,4408,1870,2538,-,-,2.4,74559
2017,서대문구,137266,325028,155250,169778,312800,151144,161656,12228,4106,8122,-,-,2.28,49266
2017,마포구,169408,385783,183248,202535,374915,178939,195976,10868,4309,6559,-,-,2.21,49615
2017,양천구,176649,475018,234279,240739,471154,232518,238636,3864,1761,2103,-,-,2.67,55234
2017,강서구,254257,608255,296175,312080,601691,292989,308702,6564,3186,3378,-,-,2.37,76032
2017,구로구,171570,441559,221386,220173,410742,204003,206739,30817,17383,13434,-,-,2.39,58794
2017,금천구,106066,253491,129775,123716,235154,119497,115657,18337,10278,8059,-,-,2.22,34170
2017,영등포구,167355,402024,202400,199624,368550,183975,184575,33474,18425,15049,-,-,2.2,53981
2017,동작구,172995,408493,198827,209666,396217,193255,202962,12276,5572,6704,-,-,2.29,57255
2017,관악구,255352,520929,262006,258923,503297,253661,249636,17632,8345,9287,-,-,1.97,70046
2017,서초구,173594,445401,213422,231979,441102,211236,229866,4299,2186,2113,-,-,2.54,53205
2017,강남구,231612,561052,268941,292111,556164,266442,289722,4888,2499,2389,-,-,2.4,65060
2017,송파구,264628,671173,326407,344766,664496,323147,341349,6677,3260,3417,-,-,2.51,76582
2017,강동구,177407,440359,218699,221660,436223,216777,219446,4136,1922,2214,-,-,2.46,56161
2018,합계,4263868,10049607,4910849,5138758,9765623,4773899,4991724,283984,136950,147034,-,-,2.29,1416131
2018,종로구,73735,163026,79156,83870,153065,74825,78240,9961,4331,5630,-,-,2.08,26742
2018,중구,61502,135633,66674,68959,125725,61947,63778,9908,4727,5181,-,-,2.04,22005
2018,용산구,108974,245090,119766,125324,228999,110640,118359,16091,9126,6965,-,-,2.1,37640
2018,성동구,137209,316463,155091,161372,308221,151359,156862,8242,3732,4510,-,-,2.25,42767
2018,광진구,162606,371063,179527,191536,355559,172794,182765,15504,6733,8771,-,-,2.19,45619
2018,동대문구,161820,364338,179774,184564,348052,173567,174485,16286,6207,10079,-,-,2.15,57165
2018,중랑구,180511,408147,202448,205699,403209,200419,202790,4938,2029,2909,-,-,2.23,61830
2018,성북구,186601,447687,216495,231192,435868,211904,223964,11819,4591,7228,-,-,2.34,67782
2018,강북구,143395,322915,157522,165393,319164,156071,163093,3751,1451,2300,-,-,2.23,58196
2018,도봉구,138087,341649,167043,174606,339413,166160,173253,2236,883,1353,-,-,2.46,55964
2018,노원구,217655,548160,265870,282290,543752,263919,279833,4408,1951,2457,-,-,2.5,77096
2018,은평구,205001,487666,235600,252066,483197,233702,249495,4469,1898,2571,-,-,2.36,77420
2018,서대문구,138549,323080,153816,169264,310313,149569,160744,12767,4247,8520,-,-,2.24,50456
2018,마포구,172505,386359,182573,203786,375077,178240,196837,11282,4333,6949,-,-,2.17,50833
2018,양천구,176498,468145,230457,237688,464185,228634,235551,3960,1823,2137,-,-,2.63,58045
2018,강서구,258503,603611,293289,310322,596949,290079,306870,6662,3210,3452,-,-,2.31,79660
2018,구로구,172457,438486,219949,218537,404497,200417,204080,33989,19532,14457,-,-,2.35,61801
2018,금천구,107971,254021,130398,123623,233917,118915,115002,20104,11483,8621,-,-,2.17,35739
2018,영등포구,171085,403600,203319,200281,367778,183224,184554,35822,20095,15727,-,-,2.15,55673
2018,동작구,177176,409385,198458,210927,396203,192533,203670,13182,5925,7257,-,-,2.24,59479
2018,관악구,262222,520040,260742,259298,501957,252160,249797,18083,8582,9501,-,-,1.91,72249
2018,서초구,172918,438163,209977,228186,433951,207868,226083,4212,2109,2103,-,-,2.51,54751
2018,강남구,228775,547453,262203,285250,542364,259611,282753,5089,2592,2497,-,-,2.37,67085
2018,송파구,270866,673507,326849,346658,666635,323526,343109,6872,3323,3549,-,-,2.46,81364
2018,강동구,177247,431920,213853,218067,427573,211816,215757,4347,2037,2310,-,-,2.41,58770
